11.060359959819698 67.74930694686367
24.70320919051721 40.143030160955384
0.7204860711129015 40.48963942209121
195 244 43
11.804821591404924 68.5
49.904082003245385 68.5
25.628991941883775 40.52682030875493
208 255 56
79.59527145352064 22.856034179003586
79.38995292828594 44.11292267723164
98.51778890187387 24.46277065528534
151 200 0
410.90926722743325 68.04261111255403
426.9402187799499 35.04774036514117
395.2990571783094 47.13113716643788
191 240 39
411.44616305884153 22.345879800258714
395.7855811933316 45.87490059786144
426.9184714642731 33.98560678964956
211 255 59
410.002806272746 68.5
394.43704021685875 47.648063331326206
372.2616270186222 68.5
165 214 13
26.65585370781804 40.18437283188671
50.766067204170625 67.96755851000086
58.029907191709874 41.62891315813809
160 209 8
300.1861705494067 24.521210263013387
280.27267628706704 20.770642764803338
285.4084161211285 45.43822005469803
194 243 42
258.5409694206309 23.875882934506603
284.37179339182256 45.36531139122053
279.2379725984372 20.706951484941563
197 246 45
91.99943514629405 68.5
130.09424338974668 68.5
112.69806931326156 40.87581212964116
211 255 59
91.07979106693688 68.0596756081382
111.59451935011977 40.68092667076159
79.63766201158121 45.741675736834736
152 201 0
337.19470581365135 0.5
362.27641133795686 25.952051253082782
375.1857617911538 0.5
171 220 19
698.3353670698535 37.59697890777711
669.5573881232548 41.58879101893857
690.758718877578 67.9035716768789
180 229 28
26.719244057984255 39.18623208759963
57.53927870890873 40.60526399345723
43.06067214818404 23.8597861908509
204 253 52
172.00401758321763 68.5
209.62227268905954 68.5
186.55977389250947 49.22131117155041
151 200 0
210.1524103918604 67.63978559712506
202.8648186105068 37.857489306617225
187.3037598402802 48.53985943475313
174 223 22
182.60683765716124 28.6402302581386
186.80577895743423 47.66876036609436
202.1512149685074 37.13441115063145
195 244 43
324.96277901606385 27.011004128823107
318.81429158939017 45.615385830643206
336.83539794864146 42.15566137326947
201 250 49
130.72118144696492 67.61895841503029
134.0627287504502 47.373777597688665
113.88926354386815 40.89077896998151
188 237 36
410.17227196524783 22.455016588059408
384.6038880096385 29.327190784398987
394.52580415291175 45.962831925129684
193 242 41
492.1743975447406 68.5
529.7773548366221 68.5
510.43788030301994 49.50566144590536
157 206 5
513.330319905144 28.812062191482212
539.0641157989018 48.07774737386205
546.3944946418885 24.81719692300179
157 206 5
513.2324528154777 27.81661416566748
546.3646068998872 23.81353552615562
535.8742449277029 0.9256540583457138
198 247 46
697.5978160739079 36.68971059788955
673.9995699948718 21.45079430407617
669.2760122438975 40.61824636297449
157 206 5
547.2308500473972 25.490311086412028
540.0150830534122 48.38717846535034
559.6705737267656 48.00351073872551
197 246 45
570.1826872144813 68.5
560.3245548542221 49.22446418870026
532.5952850367822 68.5
204 253 52
532.1146543148155 67.61623121120483
558.8675936920305 49.01937509425393
539.665738852328 49.394188021377445
157 206 5
571.0235359419815 67.94793380585348
582.6018134183855 47.60765578230044
561.3015947142077 48.93869154341986
171 220 19
597.7097000399964 30.562045312633316
584.5055482347113 46.60859189228578
615.1956996153352 48.3836291137219
196 245 44
511.4630088522434 29.32845329255897
492.2588154494145 39.39710446820196
509.9869861610627 48.02431206367183
155 204 3
491.50634718990125 67.75199635056859
509.5909419237005 48.943704441860305
491.6462741108075 40.2111410560703
205 254 53
490.506582523071 67.70313700287818
490.64609430153087 40.24399134629792
473.79386649038275 49.11031429432795
153 202 1
571.8599452492178 68.5
609.5717851049458 68.5
583.6392868648197 47.806500134926424
206 255 54
585.0350016555282 47.640885261916324
610.7174401320793 68.13484354654216
615.814807693941 49.42110787174225
209 255 57
650.0927448180521 68.5
637.6116704551317 48.742046789839854
612.4465033471234 68.5
183 232 31
636.2041022557337 48.57578295571435
616.845884881716 49.44077219674397
611.8794495637082 67.6738222287972
189 238 37
455.3348753897133 0.5
417.8275956028176 0.5
449.8556572525967 19.44250571294608
187 236 35
574.6254604358065 0.5000000000000036
536.7791850168813 0.5000000000000036
547.2857711423635 23.423279340503296
194 243 42
302.12445988034193 24.757060020872494
317.89324158485783 45.21553346701947
324.1053141630035 26.418752830882188
152 201 0
252.6781686826821 68.5
290.3522593608397 68.5
284.8455200373282 47.46454399787913
174 223 22
576.9817125480126 0.5
597.6421715024517 28.91661797586986
615.1058471805159 0.5
152 201 0
134.01452715759444 24.661994149719
113.80749450463735 39.814132963063386
134.12284673858323 46.34272878462246
188 237 36
218.14094648814927 21.800409516121803
204.27366117665886 36.59823478230123
231.39929300267815 38.16806650769686
155 204 3
254.0722287778654 0.5
216.55417851355094 0.5
218.58801422270918 20.23441723516943
203 252 51
367.0670857308612 47.477818439250484
362.091280469344 27.59198317803399
339.07202443217636 42.23400605758242
153 202 1
561.3930304620541 47.931027233533
582.5091839731418 46.6114935775226
570.572994285676 31.515536893638064
198 247 46
616.5650791997842 0.5
619.6514091033773 25.660980475167257
654.4549572120222 0.5
155 204 3
176.6174541069342 0.5
182.22623924657975 26.886123088696653
214.5952832061911 0.5
159 208 7
256.5670399632506 1.140268470854
257.8345002875375 22.972397345232736
278.4743368520464 19.8122187125459
211 255 59
429.033952534688 34.03546233063558
451.90275194059143 43.36684428265447
449.73709830253944 21.054620701236654
204 253 52
218.93149656808617 21.187636722071034
232.61306810317467 38.077772286610006
256.8506352580065 23.279326793330064
218.93149656808617 21.187636722071034
256.8506352580065 23.279326793330064
255.54699865908728 0.8240580266526614
188 237 36
451.53066362789076 68.5
489.8782533089443 68.5
472.7255685583003 49.4177140375861
451.53066362789076 68.5
472.7255685583003 49.4177140375861
452.9441936943617 44.76529237544898
189 238 37
80.2854450667439 44.626629970915076
112.53309077425888 39.51983110241198
132.98667625191126 24.18281592999177
80.2854450667439 44.626629970915076
132.98667625191126 24.18281592999177
99.82680292083755 24.551664194419715
176 225 24
100.04323634818445 23.54919487131534
134.0397280743873 23.171040623117467
135.46752006788682 0.5
100.04323634818445 23.54919487131534
135.46752006788682 0.5
96.58072165019053 0.5
207 255 55
598.3076659790306 29.743638612810397
616.0914777319458 47.868750082237085
618.7543924748879 26.56164428406208
598.3076659790306 29.743638612810397
618.7543924748879 26.56164428406208
615.6777164559062 1.4793660895323875
153 202 1
617.0289139558662 48.43159605043855
637.452983814321 47.51898099171353
647.791743426505 30.881692500858367
617.0289139558662 48.43159605043855
647.791743426505 30.881692500858367
619.6918098000158 27.12464146948608
163 212 11
251.6876406991446 67.95290715383592
284.3134931640429 46.617619815734045
257.76608716536896 24.5320455206171
251.6876406991446 67.95290715383592
257.76608716536896 24.5320455206171
255.54092917383574 45.5729013561169
204 253 52
279.85402952178026 19.674211589741862
300.40155942971626 23.544195271458072
295.5935543680668 0.5
279.85402952178026 19.674211589741862
295.5935543680668 0.5
257.35744290560876 0.5
169 218 17
43.2187175167995 22.636029873637124
77.8917306864376 21.839847963909925
55.79795868950206 0.5
43.2187175167995 22.636029873637124
55.79795868950206 0.5
1.9883258917569435 0.5
182 231 30
166.34312719910682 47.954122156941345
185.8546531361869 47.999267070725594
181.5153964230227 28.334863329900383
166.34312719910682 47.954122156941345
181.5153964230227 28.334863329900383
156.53379110536622 30.950622214119782
195 244 43
79.31997335506439 21.829059752199697
99.02496169231809 23.502236886932756
95.5695011544378 0.5
79.31997335506439 21.829059752199697
95.5695011544378 0.5
57.237370710890126 0.5
192 241 40
0.5 39.49272155613346
25.313023913187823 39.134112408945455
42.24875248808865 23.25027861593053
0.5 39.49272155613346
42.24875248808865 23.25027861593053
0.5 0.8359479283194844
190 239 38
674.0142763009223 20.269907921129427
698.4197171720101 36.03008218588172
695.5388996974791 0.5
674.0142763009223 20.269907921129427
695.5388996974791 0.5
657.0863702076676 0.5
195 244 43
411.8797850645172 21.420713263764963
427.96779829450054 33.52363138637525
449.19551753616554 20.21388296846632
411.8797850645172 21.420713263764963
449.19551753616554 20.21388296846632
416.342186701272 0.7832844566274559
180 229 28
58.94587039090194 40.70314484931225
78.3838261943493 44.742401901349794
78.59553470171792 22.82395041180724
58.94587039090194 40.70314484931225
78.59553470171792 22.82395041180724
44.170498547120815 23.614438128980765
157 206 5
182.8598075421339 27.659813083756468
203.054596919738 36.43666953339013
217.64764207735828 20.864383574508267
182.8598075421339 27.659813083756468
217.64764207735828 20.864383574508267
215.59763650034262 0.9730692421454954
161 210 9
620.567300706963 26.232798725342505
648.5625441607759 29.975852345672614
672.8450008348145 20.441843158660813
620.567300706963 26.232798725342505
672.8450008348145 20.441843158660813
655.9197276360745 0.6750101649226075
160 209 8
285.69591440287905 46.76433528621692
291.2835901293726 68.10896411165056
317.38361253874774 46.192403638012436
285.69591440287905 46.76433528621692
317.38361253874774 46.192403638012436
301.06122336719784 25.015677895896292
159 208 7
384.18851224548445 28.40334337681809
410.8991770395614 21.224151227497234
415.38033054091005 0.5
384.18851224548445 28.40334337681809
415.38033054091005 0.5
376.65294209927134 0.5
177 226 25
250.73294314452687 67.60433027553972
254.5499012617394 45.435332196641966
256.76345409700457 24.504213476849333
250.73294314452687 67.60433027553972
256.76345409700457 24.504213476849333
233.1875514434986 38.89867427995145
179 228 27
131.6669473784513 68.02951472111891
165.3727227418921 48.27319165387134
155.57051801565768 31.282053221128095
131.6669473784513 68.02951472111891
155.57051801565768 31.282053221128095
135.0878679562113 47.303441028767026
173 222 21
362.9383650256949 26.8576456630613
367.9891180050213 47.04300992334906
383.28509840448834 28.89364449109499
362.9383650256949 26.8576456630613
383.28509840448834 28.89364449109499
375.8568295069991 1.3876252091773118
178 227 26
325.35763135278233 25.893829404873628
337.8484911868311 41.82711185496739
361.6175514852272 26.70815561448129
325.35763135278233 25.893829404873628
361.6175514852272 26.70815561448129
336.1647021047321 0.8794803538783462
200 249 48
135.12118588851405 46.007802850790085
155.0481412795022 30.42107558561843
136.403578531061 1.54674694418771
135.12118588851405 46.007802850790085
136.403578531061 1.54674694418771
135.00963510842885 23.680326698591543
193 242 41
301.4563732142639 23.703701082217485
324.46309195410834 25.44294645549992
335.2393142958188 0.5
301.4563732142639 23.703701082217485
335.2393142958188 0.5
296.6150884161577 0.5
159 208 7
51.65655930622554 68.5
90.1817745900085 68.5
78.54208221424815 45.796650676856295
51.65655930622554 68.5
78.54208221424815 45.796650676856295
59.03572620282623 41.7431798862335
197 246 45
371.3479323986367 67.98650256330643
393.86736467350863 46.81107861912213
383.76607210751934 29.874684906577336
371.3479323986367 67.98650256330643
383.76607210751934 29.874684906577336
368.27053023793894 48.2608389560168
161 210 9
411.7988225489043 68.5
450.5288917746376 68.5
451.9599934589074 44.470245796080114
411.7988225489043 68.5
451.9599934589074 44.470245796080114
428.186988257548 34.76991182822212
208 255 56
132.84181127651217 68.5
170.7510003767077 68.5
185.47506506187392 48.998391473201764
132.84181127651217 68.5
185.47506506187392 48.998391473201764
166.18915446677988 48.95376857831011
195 244 43
470.51782316692214 25.572112176330727
490.75119297217145 38.56327323860429
495.434706435482 0.5
470.51782316692214 25.572112176330727
495.434706435482 0.5
456.842266927287 0.5
200 249 48
571.0334549238769 30.485588489014585
583.5018126183019 46.2545895356277
597.0450953075155 29.795908984342258
571.0334549238769 30.485588489014585
597.0450953075155 29.795908984342258
576.2849336207597 1.2421587955995648
166 215 14
491.76308659828265 38.527904443119326
511.7135243556736 28.06800152676168
534.9253753653552 0.5
491.76308659828265 38.527904443119326
534.9253753653552 0.5
496.44224809141986 0.5
196 245 44
452.8736392347716 43.01848598530288
469.52489417111366 25.84006751919357
456.142758865964 1.3058992813318575
452.8736392347716 43.01848598530288
456.142758865964 1.3058992813318575
450.66354419417877 20.248393014090578
189 238 37
331.6429133119712 68.5
370.4159467602793 68.5
367.30185875852885 48.53918592424156
331.6429133119712 68.5
367.30185875852885 48.53918592424156
338.1036175236688 43.07000343963371
201 250 49
638.7889750270396 47.26370065018755
668.202947048173 40.79333125135093
672.9651708955801 21.468978273959934
638.7889750270396 47.26370065018755
672.9651708955801 21.468978273959934
648.9618218199155 30.893401579988428
209 255 57
651.2755564310619 68.5
689.9550684291063 68.5
668.4189766200462 41.76971883266738
651.2755564310619 68.5
668.4189766200462 41.76971883266738
638.5417664033106 48.34198954027809
199 248 47
292.3729685218736 68.5
330.6111450869893 68.5
337.0562180367358 43.131529695073766
292.3729685218736 68.5
337.0562180367358 43.131529695073766
318.2943190406408 46.73347285713956
160 209 8
560.5117333140224 47.45814369496602
570.0241928124508 30.448088970863434
575.2640099336551 1.2695980286375566
560.5117333140224 47.45814369496602
575.2640099336551 1.2695980286375566
547.7412629026661 24.34636425072794
169 218 17
211.39240364592527 68.5
250.10839084705486 68.5
232.20990378012294 39.2166519083913
211.39240364592527 68.5
232.20990378012294 39.2166519083913
203.82493791842302 37.573939206996215
203 252 51
510.94452068573133 48.60160902136409
530.8217386418717 68.124094325526
538.7183991703258 49.06811786412399
510.94452068573133 48.60160902136409
538.7183991703258 49.06811786412399
512.4597235179945 29.409479841477975
197 246 45
453.4529079231169 43.85765250792792
472.925200901996 48.437380574836375
490.15803928358207 39.37081014185931
453.4529079231169 43.85765250792792
490.15803928358207 39.37081014185931
470.2142994250616 26.56561065309662
151 200 0
155.96935096169392 30.004256396541397
181.3028521104341 27.3516514155731
175.5951116087942 0.5
155.96935096169392 30.004256396541397
175.5951116087942 0.5
136.91803494452756 0.5
188 237 36